TITLE=b00
TYPE=S_FLOAT
ORDER=1
SEL_ORDER=0
LENGTH={length}
TOP=0
WIDTH={length}
GAIN=1.000000
UNIT=[]
T=0.000050
T_TOP=0.000000
DATA_MAX=0.200000
DATA_MIN=-0.200000
DATA_MAX[0]=5.000000
DATA_MIN[0]=-5.000000
